MinDecExp = -323 MaxDecExp = 308

--------------------------------------------------------------------------------

    -323 , -323 , -322 , -322 , -322 , -321 , -321 , -321 , -320 , -320 , -320 , -319 , -319 , -319 , -319 , -318 , -318 , -318 , -317 , -317 ,
    -317 , -316 , -316 , -316 , -316 , -315 , -315 , -315 , -314 , -314 , -314 , -313 , -313 , -313 , -313 , -312 , -312 , -312 , -311 , -311 ,
    -311 , -310 , -310 , -310 , -310 , -309 , -309 , -309 , -308 , -308 , -308 , -307 , -307 , -307 , -307 , -306 , -306 , -306 , -305 , -305 ,
    -305 , -304 , -304 , -304 , -304 , -303 , -303 , -303 , -302 , -302 , -302 , -301 , -301 , -301 , -301 , -300 , -300 , -300 , -299 , -299 ,
    -299 , -298 , -298 , -298 , -298 , -297 , -297 , -297 , -296 , -296 , -296 , -295 , -295 , -295 , -295 , -294 , -294 , -294 , -293 , -293 ,
    -293 , -292 , -292 , -292 , -291 , -291 , -291 , -291 , -290 , -290 , -290 , -289 , -289 , -289 , -288 , -288 , -288 , -288 , -287 , -287 ,
    -287 , -286 , -286 , -286 , -285 , -285 , -285 , -285 , -284 , -284 , -284 , -283 , -283 , -283 , -282 , -282 , -282 , -282 , -281 , -281 ,
    -281 , -280 , -280 , -280 , -279 , -279 , -279 , -279 , -278 , -278 , -278 , -277 , -277 , -277 , -276 , -276 , -276 , -276 , -275 , -275 ,
    -275 , -274 , -274 , -274 , -273 , -273 , -273 , -273 , -272 , -272 , -272 , -271 , -271 , -271 , -270 , -270 , -270 , -270 , -269 , -269 ,
    -269 , -268 , -268 , -268 , -267 , -267 , -267 , -267 , -266 , -266 , -266 , -265 , -265 , -265 , -264 , -264 , -264 , -264 , -263 , -263 ,
    -263 , -262 , -262 , -262 , -261 , -261 , -261 , -260 , -260 , -260 , -260 , -259 , -259 , -259 , -258 , -258 , -258 , -257 , -257 , -257 ,
    -257 , -256 , -256 , -256 , -255 , -255 , -255 , -254 , -254 , -254 , -254 , -253 , -253 , -253 , -252 , -252 , -252 , -251 , -251 , -251 ,
    -251 , -250 , -250 , -250 , -249 , -249 , -249 , -248 , -248 , -248 , -248 , -247 , -247 , -247 , -246 , -246 , -246 , -245 , -245 , -245 ,
    -245 , -244 , -244 , -244 , -243 , -243 , -243 , -242 , -242 , -242 , -242 , -241 , -241 , -241 , -240 , -240 , -240 , -239 , -239 , -239 ,
    -239 , -238 , -238 , -238 , -237 , -237 , -237 , -236 , -236 , -236 , -236 , -235 , -235 , -235 , -234 , -234 , -234 , -233 , -233 , -233 ,
    -232 , -232 , -232 , -232 , -231 , -231 , -231 , -230 , -230 , -230 , -229 , -229 , -229 , -229 , -228 , -228 , -228 , -227 , -227 , -227 ,
    -226 , -226 , -226 , -226 , -225 , -225 , -225 , -224 , -224 , -224 , -223 , -223 , -223 , -223 , -222 , -222 , -222 , -221 , -221 , -221 ,
    -220 , -220 , -220 , -220 , -219 , -219 , -219 , -218 , -218 , -218 , -217 , -217 , -217 , -217 , -216 , -216 , -216 , -215 , -215 , -215 ,
    -214 , -214 , -214 , -214 , -213 , -213 , -213 , -212 , -212 , -212 , -211 , -211 , -211 , -211 , -210 , -210 , -210 , -209 , -209 , -209 ,
    -208 , -208 , -208 , -208 , -207 , -207 , -207 , -206 , -206 , -206 , -205 , -205 , -205 , -205 , -204 , -204 , -204 , -203 , -203 , -203 ,
    -202 , -202 , -202 , -201 , -201 , -201 , -201 , -200 , -200 , -200 , -199 , -199 , -199 , -198 , -198 , -198 , -198 , -197 , -197 , -197 ,
    -196 , -196 , -196 , -195 , -195 , -195 , -195 , -194 , -194 , -194 , -193 , -193 , -193 , -192 , -192 , -192 , -192 , -191 , -191 , -191 ,
    -190 , -190 , -190 , -189 , -189 , -189 , -189 , -188 , -188 , -188 , -187 , -187 , -187 , -186 , -186 , -186 , -186 , -185 , -185 , -185 ,
    -184 , -184 , -184 , -183 , -183 , -183 , -183 , -182 , -182 , -182 , -181 , -181 , -181 , -180 , -180 , -180 , -180 , -179 , -179 , -179 ,
    -178 , -178 , -178 , -177 , -177 , -177 , -177 , -176 , -176 , -176 , -175 , -175 , -175 , -174 , -174 , -174 , -173 , -173 , -173 , -173 ,
    -172 , -172 , -172 , -171 , -171 , -171 , -170 , -170 , -170 , -170 , -169 , -169 , -169 , -168 , -168 , -168 , -167 , -167 , -167 , -167 ,
    -166 , -166 , -166 , -165 , -165 , -165 , -164 , -164 , -164 , -164 , -163 , -163 , -163 , -162 , -162 , -162 , -161 , -161 , -161 , -161 ,
    -160 , -160 , -160 , -159 , -159 , -159 , -158 , -158 , -158 , -158 , -157 , -157 , -157 , -156 , -156 , -156 , -155 , -155 , -155 , -155 ,
    -154 , -154 , -154 , -153 , -153 , -153 , -152 , -152 , -152 , -152 , -151 , -151 , -151 , -150 , -150 , -150 , -149 , -149 , -149 , -149 ,
    -148 , -148 , -148 , -147 , -147 , -147 , -146 , -146 , -146 , -145 , -145 , -145 , -145 , -144 , -144 , -144 , -143 , -143 , -143 , -142 ,
    -142 , -142 , -142 , -141 , -141 , -141 , -140 , -140 , -140 , -139 , -139 , -139 , -139 , -138 , -138 , -138 , -137 , -137 , -137 , -136 ,
    -136 , -136 , -136 , -135 , -135 , -135 , -134 , -134 , -134 , -133 , -133 , -133 , -133 , -132 , -132 , -132 , -131 , -131 , -131 , -130 ,
    -130 , -130 , -130 , -129 , -129 , -129 , -128 , -128 , -128 , -127 , -127 , -127 , -127 , -126 , -126 , -126 , -125 , -125 , -125 , -124 ,
    -124 , -124 , -124 , -123 , -123 , -123 , -122 , -122 , -122 , -121 , -121 , -121 , -121 , -120 , -120 , -120 , -119 , -119 , -119 , -118 ,
    -118 , -118 , -118 , -117 , -117 , -117 , -116 , -116 , -116 , -115 , -115 , -115 , -114 , -114 , -114 , -114 , -113 , -113 , -113 , -112 ,
    -112 , -112 , -111 , -111 , -111 , -111 , -110 , -110 , -110 , -109 , -109 , -109 , -108 , -108 , -108 , -108 , -107 , -107 , -107 , -106 ,
    -106 , -106 , -105 , -105 , -105 , -105 , -104 , -104 , -104 , -103 , -103 , -103 , -102 , -102 , -102 , -102 , -101 , -101 , -101 , -100 ,
    -100 , -100 ,  -99 ,  -99 ,  -99 ,  -99 ,  -98 ,  -98 ,  -98 ,  -97 ,  -97 ,  -97 ,  -96 ,  -96 ,  -96 ,  -96 ,  -95 ,  -95 ,  -95 ,  -94 ,
     -94 ,  -94 ,  -93 ,  -93 ,  -93 ,  -93 ,  -92 ,  -92 ,  -92 ,  -91 ,  -91 ,  -91 ,  -90 ,  -90 ,  -90 ,  -90 ,  -89 ,  -89 ,  -89 ,  -88 ,
     -88 ,  -88 ,  -87 ,  -87 ,  -87 ,  -86 ,  -86 ,  -86 ,  -86 ,  -85 ,  -85 ,  -85 ,  -84 ,  -84 ,  -84 ,  -83 ,  -83 ,  -83 ,  -83 ,  -82 ,
     -82 ,  -82 ,  -81 ,  -81 ,  -81 ,  -80 ,  -80 ,  -80 ,  -80 ,  -79 ,  -79 ,  -79 ,  -78 ,  -78 ,  -78 ,  -77 ,  -77 ,  -77 ,  -77 ,  -76 ,
     -76 ,  -76 ,  -75 ,  -75 ,  -75 ,  -74 ,  -74 ,  -74 ,  -74 ,  -73 ,  -73 ,  -73 ,  -72 ,  -72 ,  -72 ,  -71 ,  -71 ,  -71 ,  -71 ,  -70 ,
     -70 ,  -70 ,  -69 ,  -69 ,  -69 ,  -68 ,  -68 ,  -68 ,  -68 ,  -67 ,  -67 ,  -67 ,  -66 ,  -66 ,  -66 ,  -65 ,  -65 ,  -65 ,  -65 ,  -64 ,
     -64 ,  -64 ,  -63 ,  -63 ,  -63 ,  -62 ,  -62 ,  -62 ,  -62 ,  -61 ,  -61 ,  -61 ,  -60 ,  -60 ,  -60 ,  -59 ,  -59 ,  -59 ,  -59 ,  -58 ,
     -58 ,  -58 ,  -57 ,  -57 ,  -57 ,  -56 ,  -56 ,  -56 ,  -55 ,  -55 ,  -55 ,  -55 ,  -54 ,  -54 ,  -54 ,  -53 ,  -53 ,  -53 ,  -52 ,  -52 ,
     -52 ,  -52 ,  -51 ,  -51 ,  -51 ,  -50 ,  -50 ,  -50 ,  -49 ,  -49 ,  -49 ,  -49 ,  -48 ,  -48 ,  -48 ,  -47 ,  -47 ,  -47 ,  -46 ,  -46 ,
     -46 ,  -46 ,  -45 ,  -45 ,  -45 ,  -44 ,  -44 ,  -44 ,  -43 ,  -43 ,  -43 ,  -43 ,  -42 ,  -42 ,  -42 ,  -41 ,  -41 ,  -41 ,  -40 ,  -40 ,
     -40 ,  -40 ,  -39 ,  -39 ,  -39 ,  -38 ,  -38 ,  -38 ,  -37 ,  -37 ,  -37 ,  -37 ,  -36 ,  -36 ,  -36 ,  -35 ,  -35 ,  -35 ,  -34 ,  -34 ,
     -34 ,  -34 ,  -33 ,  -33 ,  -33 ,  -32 ,  -32 ,  -32 ,  -31 ,  -31 ,  -31 ,  -31 ,  -30 ,  -30 ,  -30 ,  -29 ,  -29 ,  -29 ,  -28 ,  -28 ,
     -28 ,  -27 ,  -27 ,  -27 ,  -27 ,  -26 ,  -26 ,  -26 ,  -25 ,  -25 ,  -25 ,  -24 ,  -24 ,  -24 ,  -24 ,  -23 ,  -23 ,  -23 ,  -22 ,  -22 ,
     -22 ,  -21 ,  -21 ,  -21 ,  -21 ,  -20 ,  -20 ,  -20 ,  -19 ,  -19 ,  -19 ,  -18 ,  -18 ,  -18 ,  -18 ,  -17 ,  -17 ,  -17 ,  -16 ,  -16 ,
     -16 ,  -15 ,  -15 ,  -15 ,  -15 ,  -14 ,  -14 ,  -14 ,  -13 ,  -13 ,  -13 ,  -12 ,  -12 ,  -12 ,  -12 ,  -11 ,  -11 ,  -11 ,  -10 ,  -10 ,
     -10 ,   -9 ,   -9 ,   -9 ,   -9 ,   -8 ,   -8 ,   -8 ,   -7 ,   -7 ,   -7 ,   -6 ,   -6 ,   -6 ,   -6 ,   -5 ,   -5 ,   -5 ,   -4 ,   -4 ,
      -4 ,   -3 ,   -3 ,   -3 ,   -3 ,   -2 ,   -2 ,   -2 ,   -1 ,   -1 ,   -1 ,    0 ,    0 ,    0 ,    1 ,    1 ,    1 ,    1 ,    2 ,    2 ,
       2 ,    3 ,    3 ,    3 ,    4 ,    4 ,    4 ,    4 ,    5 ,    5 ,    5 ,    6 ,    6 ,    6 ,    7 ,    7 ,    7 ,    7 ,    8 ,    8 ,
       8 ,    9 ,    9 ,    9 ,   10 ,   10 ,   10 ,   10 ,   11 ,   11 ,   11 ,   12 ,   12 ,   12 ,   13 ,   13 ,   13 ,   13 ,   14 ,   14 ,
      14 ,   15 ,   15 ,   15 ,   16 ,   16 ,   16 ,   16 ,   17 ,   17 ,   17 ,   18 ,   18 ,   18 ,   19 ,   19 ,   19 ,   19 ,   20 ,   20 ,
      20 ,   21 ,   21 ,   21 ,   22 ,   22 ,   22 ,   22 ,   23 ,   23 ,   23 ,   24 ,   24 ,   24 ,   25 ,   25 ,   25 ,   25 ,   26 ,   26 ,
      26 ,   27 ,   27 ,   27 ,   28 ,   28 ,   28 ,   28 ,   29 ,   29 ,   29 ,   30 ,   30 ,   30 ,   31 ,   31 ,   31 ,   32 ,   32 ,   32 ,
      32 ,   33 ,   33 ,   33 ,   34 ,   34 ,   34 ,   35 ,   35 ,   35 ,   35 ,   36 ,   36 ,   36 ,   37 ,   37 ,   37 ,   38 ,   38 ,   38 ,
      38 ,   39 ,   39 ,   39 ,   40 ,   40 ,   40 ,   41 ,   41 ,   41 ,   41 ,   42 ,   42 ,   42 ,   43 ,   43 ,   43 ,   44 ,   44 ,   44 ,
      44 ,   45 ,   45 ,   45 ,   46 ,   46 ,   46 ,   47 ,   47 ,   47 ,   47 ,   48 ,   48 ,   48 ,   49 ,   49 ,   49 ,   50 ,   50 ,   50 ,
      50 ,   51 ,   51 ,   51 ,   52 ,   52 ,   52 ,   53 ,   53 ,   53 ,   53 ,   54 ,   54 ,   54 ,   55 ,   55 ,   55 ,   56 ,   56 ,   56 ,
      56 ,   57 ,   57 ,   57 ,   58 ,   58 ,   58 ,   59 ,   59 ,   59 ,   60 ,   60 ,   60 ,   60 ,   61 ,   61 ,   61 ,   62 ,   62 ,   62 ,
      63 ,   63 ,   63 ,   63 ,   64 ,   64 ,   64 ,   65 ,   65 ,   65 ,   66 ,   66 ,   66 ,   66 ,   67 ,   67 ,   67 ,   68 ,   68 ,   68 ,
      69 ,   69 ,   69 ,   69 ,   70 ,   70 ,   70 ,   71 ,   71 ,   71 ,   72 ,   72 ,   72 ,   72 ,   73 ,   73 ,   73 ,   74 ,   74 ,   74 ,
      75 ,   75 ,   75 ,   75 ,   76 ,   76 ,   76 ,   77 ,   77 ,   77 ,   78 ,   78 ,   78 ,   78 ,   79 ,   79 ,   79 ,   80 ,   80 ,   80 ,
      81 ,   81 ,   81 ,   81 ,   82 ,   82 ,   82 ,   83 ,   83 ,   83 ,   84 ,   84 ,   84 ,   84 ,   85 ,   85 ,   85 ,   86 ,   86 ,   86 ,
      87 ,   87 ,   87 ,   87 ,   88 ,   88 ,   88 ,   89 ,   89 ,   89 ,   90 ,   90 ,   90 ,   91 ,   91 ,   91 ,   91 ,   92 ,   92 ,   92 ,
      93 ,   93 ,   93 ,   94 ,   94 ,   94 ,   94 ,   95 ,   95 ,   95 ,   96 ,   96 ,   96 ,   97 ,   97 ,   97 ,   97 ,   98 ,   98 ,   98 ,
      99 ,   99 ,   99 ,  100 ,  100 ,  100 ,  100 ,  101 ,  101 ,  101 ,  102 ,  102 ,  102 ,  103 ,  103 ,  103 ,  103 ,  104 ,  104 ,  104 ,
     105 ,  105 ,  105 ,  106 ,  106 ,  106 ,  106 ,  107 ,  107 ,  107 ,  108 ,  108 ,  108 ,  109 ,  109 ,  109 ,  109 ,  110 ,  110 ,  110 ,
     111 ,  111 ,  111 ,  112 ,  112 ,  112 ,  112 ,  113 ,  113 ,  113 ,  114 ,  114 ,  114 ,  115 ,  115 ,  115 ,  115 ,  116 ,  116 ,  116 ,
     117 ,  117 ,  117 ,  118 ,  118 ,  118 ,  119 ,  119 ,  119 ,  119 ,  120 ,  120 ,  120 ,  121 ,  121 ,  121 ,  122 ,  122 ,  122 ,  122 ,
     123 ,  123 ,  123 ,  124 ,  124 ,  124 ,  125 ,  125 ,  125 ,  125 ,  126 ,  126 ,  126 ,  127 ,  127 ,  127 ,  128 ,  128 ,  128 ,  128 ,
     129 ,  129 ,  129 ,  130 ,  130 ,  130 ,  131 ,  131 ,  131 ,  131 ,  132 ,  132 ,  132 ,  133 ,  133 ,  133 ,  134 ,  134 ,  134 ,  134 ,
     135 ,  135 ,  135 ,  136 ,  136 ,  136 ,  137 ,  137 ,  137 ,  137 ,  138 ,  138 ,  138 ,  139 ,  139 ,  139 ,  140 ,  140 ,  140 ,  140 ,
     141 ,  141 ,  141 ,  142 ,  142 ,  142 ,  143 ,  143 ,  143 ,  143 ,  144 ,  144 ,  144 ,  145 ,  145 ,  145 ,  146 ,  146 ,  146 ,  146 ,
     147 ,  147 ,  147 ,  148 ,  148 ,  148 ,  149 ,  149 ,  149 ,  150 ,  150 ,  150 ,  150 ,  151 ,  151 ,  151 ,  152 ,  152 ,  152 ,  153 ,
     153 ,  153 ,  153 ,  154 ,  154 ,  154 ,  155 ,  155 ,  155 ,  156 ,  156 ,  156 ,  156 ,  157 ,  157 ,  157 ,  158 ,  158 ,  158 ,  159 ,
     159 ,  159 ,  159 ,  160 ,  160 ,  160 ,  161 ,  161 ,  161 ,  162 ,  162 ,  162 ,  162 ,  163 ,  163 ,  163 ,  164 ,  164 ,  164 ,  165 ,
     165 ,  165 ,  165 ,  166 ,  166 ,  166 ,  167 ,  167 ,  167 ,  168 ,  168 ,  168 ,  168 ,  169 ,  169 ,  169 ,  170 ,  170 ,  170 ,  171 ,
     171 ,  171 ,  171 ,  172 ,  172 ,  172 ,  173 ,  173 ,  173 ,  174 ,  174 ,  174 ,  174 ,  175 ,  175 ,  175 ,  176 ,  176 ,  176 ,  177 ,
     177 ,  177 ,  178 ,  178 ,  178 ,  178 ,  179 ,  179 ,  179 ,  180 ,  180 ,  180 ,  181 ,  181 ,  181 ,  181 ,  182 ,  182 ,  182 ,  183 ,
     183 ,  183 ,  184 ,  184 ,  184 ,  184 ,  185 ,  185 ,  185 ,  186 ,  186 ,  186 ,  187 ,  187 ,  187 ,  187 ,  188 ,  188 ,  188 ,  189 ,
     189 ,  189 ,  190 ,  190 ,  190 ,  190 ,  191 ,  191 ,  191 ,  192 ,  192 ,  192 ,  193 ,  193 ,  193 ,  193 ,  194 ,  194 ,  194 ,  195 ,
     195 ,  195 ,  196 ,  196 ,  196 ,  196 ,  197 ,  197 ,  197 ,  198 ,  198 ,  198 ,  199 ,  199 ,  199 ,  199 ,  200 ,  200 ,  200 ,  201 ,
     201 ,  201 ,  202 ,  202 ,  202 ,  202 ,  203 ,  203 ,  203 ,  204 ,  204 ,  204 ,  205 ,  205 ,  205 ,  206 ,  206 ,  206 ,  206 ,  207 ,
     207 ,  207 ,  208 ,  208 ,  208 ,  209 ,  209 ,  209 ,  209 ,  210 ,  210 ,  210 ,  211 ,  211 ,  211 ,  212 ,  212 ,  212 ,  212 ,  213 ,
     213 ,  213 ,  214 ,  214 ,  214 ,  215 ,  215 ,  215 ,  215 ,  216 ,  216 ,  216 ,  217 ,  217 ,  217 ,  218 ,  218 ,  218 ,  218 ,  219 ,
     219 ,  219 ,  220 ,  220 ,  220 ,  221 ,  221 ,  221 ,  221 ,  222 ,  222 ,  222 ,  223 ,  223 ,  223 ,  224 ,  224 ,  224 ,  224 ,  225 ,
     225 ,  225 ,  226 ,  226 ,  226 ,  227 ,  227 ,  227 ,  227 ,  228 ,  228 ,  228 ,  229 ,  229 ,  229 ,  230 ,  230 ,  230 ,  230 ,  231 ,
     231 ,  231 ,  232 ,  232 ,  232 ,  233 ,  233 ,  233 ,  233 ,  234 ,  234 ,  234 ,  235 ,  235 ,  235 ,  236 ,  236 ,  236 ,  237 ,  237 ,
     237 ,  237 ,  238 ,  238 ,  238 ,  239 ,  239 ,  239 ,  240 ,  240 ,  240 ,  240 ,  241 ,  241 ,  241 ,  242 ,  242 ,  242 ,  243 ,  243 ,
     243 ,  243 ,  244 ,  244 ,  244 ,  245 ,  245 ,  245 ,  246 ,  246 ,  246 ,  246 ,  247 ,  247 ,  247 ,  248 ,  248 ,  248 ,  249 ,  249 ,
     249 ,  249 ,  250 ,  250 ,  250 ,  251 ,  251 ,  251 ,  252 ,  252 ,  252 ,  252 ,  253 ,  253 ,  253 ,  254 ,  254 ,  254 ,  255 ,  255 ,
     255 ,  255 ,  256 ,  256 ,  256 ,  257 ,  257 ,  257 ,  258 ,  258 ,  258 ,  258 ,  259 ,  259 ,  259 ,  260 ,  260 ,  260 ,  261 ,  261 ,
     261 ,  261 ,  262 ,  262 ,  262 ,  263 ,  263 ,  263 ,  264 ,  264 ,  264 ,  265 ,  265 ,  265 ,  265 ,  266 ,  266 ,  266 ,  267 ,  267 ,
     267 ,  268 ,  268 ,  268 ,  268 ,  269 ,  269 ,  269 ,  270 ,  270 ,  270 ,  271 ,  271 ,  271 ,  271 ,  272 ,  272 ,  272 ,  273 ,  273 ,
     273 ,  274 ,  274 ,  274 ,  274 ,  275 ,  275 ,  275 ,  276 ,  276 ,  276 ,  277 ,  277 ,  277 ,  277 ,  278 ,  278 ,  278 ,  279 ,  279 ,
     279 ,  280 ,  280 ,  280 ,  280 ,  281 ,  281 ,  281 ,  282 ,  282 ,  282 ,  283 ,  283 ,  283 ,  283 ,  284 ,  284 ,  284 ,  285 ,  285 ,
     285 ,  286 ,  286 ,  286 ,  286 ,  287 ,  287 ,  287 ,  288 ,  288 ,  288 ,  289 ,  289 ,  289 ,  289 ,  290 ,  290 ,  290 ,  291 ,  291 ,
     291 ,  292 ,  292 ,  292 ,  292 ,  293 ,  293 ,  293 ,  294 ,  294 ,  294 ,  295 ,  295 ,  295 ,  296 ,  296 ,  296 ,  296 ,  297 ,  297 ,
     297 ,  298 ,  298 ,  298 ,  299 ,  299 ,  299 ,  299 ,  300 ,  300 ,  300 ,  301 ,  301 ,  301 ,  302 ,  302 ,  302 ,  302 ,  303 ,  303 ,
     303 ,  304 ,  304 ,  304 ,  305 ,  305 ,  305 ,  305 ,  306 ,  306 ,  306 ,  307 ,  307 ,  307 ,  308 ,  308 ,  308 ,  308

--------------------------------------------------------------------------------

                 0x1P-1073 ,              0x5P-1072 ,             0x65P-1073 ,             0xFDP-1071 ,            0x4F1P-1070 ,          0x18B51P-1073 ,         0x1EE257P-1074 ,        0x134D761P-1074 ,
           0xC1069CDP-1074 ,       0x78A42205P-1074 ,      0x4B6695433P-1074 ,     0x2F201D49FBP-1074 ,    0x1D74124E3D1P-1074 ,   0x12688B70E62BP-1074 ,   0xB8157268FDAFP-1074 ,  0x3986B3C0CF469P-1073 ,
     0x8FD0C16206307P-1071 , 0x16789E3750F791P-1069 ,  0xE0B62E2929ABBP-1065 ,  0x8C71DCD9BA0B5P-1061 ,  0x57C72A0814471P-1057 ,  0x6DB8F48A1958DP-1054 , 0x1124E63593F5E1P-1052 , 0x156E1FC2F8F359P-1049 ,
     0x1AC9A7B3B7303P-1042 ,  0x85F0468293F0FP-1041 , 0x14ED8B04671DA5P-1039 ,  0xD1476E2C07287P-1035 , 0x1059949B708F29P-1032 , 0x146FF9C24CB2F3P-1029 ,  0x198BF832DFDFBP-1022 ,  0x7FBBD8FE5F5E7P-1021 ,
     0x9FAACF3DF7361P-1018 ,  0xC795830D75039P-1015 ,  0xF97AE3D0D2447P-1012 , 0x137D99CC506D59P-1009 , 0x185D003F6488AFP-1006 , 0x1E74404F3DAADBP-1003 ,  0x1308A831868AC9P-999 ,  0x17CAD23DE82D7BP-996 ,
      0xEDEC366B11C6DP-992 ,   0x252CE880BAC71P-986 ,   0xB9E08A83A5E35P-985 ,   0x742C569247AE1P-981 ,  0x1226ED86DB3333P-979 ,       0xB58547449P-959 ,      0x38B9A6456DP-958 ,     0x11BA03F5B21P-957 ,
        0x58A213CC7A5P-956 ,    0x1BB2A62FE639P-955 ,    0x8A7D3EEF7F1DP-954 ,   0x2B4723AAD7B91P-953 ,   0xD863B256369D5P-952 ,   0x873E4F75E2225P-948 ,   0x5486F1A9AD557P-944 ,   0x69A8AE1418AADP-941 ,
      0x10825B3323DABP-935 ,   0x528BC7FFB3457P-934 ,   0x672EB9FFA016DP-931 ,   0x101F4D0FF1039P-925 ,   0x509C814FB511DP-924 ,  0x1930E868E89591P-923 ,   0xFBE9141915D7BP-919 ,   0x9D71AC8FADA6DP-915 ,
      0x1899C2F673221P-909 ,   0x7B00CED03FAA5P-908 ,   0x4CE0814227CA7P-904 ,   0x6018A192B1BD1P-901 ,   0x781EC9F75E2C5P-898 ,   0x4B133E3A9ADBBP-894 ,   0x2EEC06E4A0C95P-890 ,   0xEA9C227723EE9P-889 ,
     0x125432B14ECEA3P-886 ,   0x5BA4FD768A093P-881 ,  0x1CA38F350B22DFP-880 ,   0x4798E6049BD73P-874 ,   0xB2FE3F0B8599FP-872 ,   0xDFBDCECE67007P-869 ,   0x22F5A85040181P-863 ,   0xAECC499140785P-862 ,
      0xDA7F5BF590967P-859 ,    0x4447CCBCBD2FP-850 ,   0x15566FFAFB1EBP-849 ,   0x6AB02FE6E7997P-848 ,   0x855C3BE0A17FDP-845 ,   0x29ACD2B63277FP-840 ,   0xD0601D8EFC57BP-839 ,   0x823C12795DB6DP-835 ,
      0x145962E2F6A49P-829 ,   0x65BEEE6ED136DP-828 ,   0xFE5D54150B091P-826 ,  0x13DF4A91A4DCB5P-823 ,   0xC6B8E9B0709F1P-819 ,  0x1F0CE4839198DBP-817 ,  0x13680ED23AFF89P-813 ,  0x18421286C9BF6BP-810 ,
      0xF294B943E17A3P-806 ,   0x4BCE79E536763P-801 ,   0xBD8430BD08277P-799 ,   0xECE53CEC4A315P-796 ,   0x940F4613AE5EDP-792 ,  0x172262F3133ED1P-790 ,  0x1CEAFBAFD80E85P-787 ,   0x484B75379C245P-781 ,
      0x2D2F2942C196BP-777 ,   0xE1EBCE4DC7F17P-776 ,  0x11A66C1E139EDDP-773 ,   0x58401C96621A5P-768 ,  0x1B9408EEFEA839P-767 ,   0x44F216557CA49P-761 ,   0x562E9BEADBCDBP-758 ,   0x35DD2172C9609P-754 ,
     0x10D51A73DEEE2DP-753 ,   0x2A14C221AD537P-747 ,   0xD267CAA862A13P-746 ,   0x20E037AA4F693P-740 ,   0xA46116538D0DFP-739 ,  0x19AF2B7D0E0A2DP-737 ,   0x4035ECB8A3197P-731 ,  0x1410D9F9B2F7F3P-730 ,
      0x191510781FB5FP-723 ,   0x7D6952589E8DBP-722 ,   0x4E61D37763189P-718 ,   0x61FA48553BDEBP-715 ,   0x3D3C6D35456B3P-711 ,   0x991711052D8BFP-709 ,   0xBF5CD54678EEFP-706 ,   0xEF340A98172ABP-703 ,
      0x9580869F0E7ABP-699 ,  0x175C1508DA432BP-697 ,   0xE998D258869FBP-693 ,   0x91FF83775423DP-689 ,   0x2D9FD9154A4B3P-684 ,   0xE41F3D6A7377FP-683 ,  0x11D270CC51055FP-680 ,   0xB23867FB2A35BP-676 ,
      0x6F6340FCFA619P-672 ,   0x8B3C113C38F9FP-669 ,   0xAE0B158B47387P-666 ,   0xD98DDAEE19069P-663 ,  0x10FF151A99F483P-660 ,   0x54FB698501C69P-655 ,  0x1A8E90F9908E0DP-654 ,   0x21323537F4B19P-647 ,
      0xA5FB0A17C777DP-646 ,   0x33DE73276E557P-641 ,   0x40D60FF149EADP-638 ,    0xA21727DB38CBP-632 ,   0x32A73C7481BF7P-631 ,   0xFD442E4688BD3P-630 ,   0x2792A73B055D9P-624 ,   0xC5DD44271AD3DP-623 ,
      0x3DD5254C38623P-618 ,   0x13529BA7D19EBP-613 ,  0x18274291C6065BP-614 ,   0xF18899B1BC3F9P-610 ,  0x12DEAC01E2B4F7P-607 ,  0x179657025B6235P-604 ,   0xEBDF661791D61P-600 ,   0x936B9FCEBB25DP-596 ,
      0x2E11A1F09A7BDP-591 ,   0xE65829B3046B1P-590 ,  0x11FEE341FC585DP-587 ,   0x59FA7049EDB9DP-582 ,   0xE0F218B8D2509P-580 ,  0x1192E9EE706E4BP-577 ,   0xAFBD2350644EFP-573 ,  0x1B758D848FAC55P-571 ,
     0x11297872D9CBB5P-567 ,   0xAB9EB47C81F51P-563 ,  0x1AD0CC33744E4BP-561 ,  0x10C27FA028B0EFP-557 ,   0xA798FC4196E95P-553 ,  0x1A2FE76A3F9475P-551 ,   0x82EF85133DE65P-546 ,   0x51D5B32C06AFFP-542 ,
      0xCC963FEE10B7DP-540 ,  0x1FF779FD329CB9P-538 ,   0x4FEAB0F8FE87DP-532 ,   0x18F9574DCF8A7P-527 ,   0x7CDEB4850DB43P-526 ,   0x2705986994485P-521 ,   0xC31BFA0FE5699P-520 ,   0xF3E2F893DEC3FP-517 ,
     0x130DBB6B8D674FP-514 ,  0x17D12A4670C123P-511 ,   0x7715D36033C5BP-506 ,  0x129B69070816E3P-504 ,   0x5D090D2328727P-499 ,  0x1D12D41AFCA3C3P-498 ,   0x915E2486EF32DP-493 ,   0x16B6B5B5155FFP-487 ,
      0x71918C896ADFBP-486 ,   0x46FAF7D5E2CBDP-482 ,   0x162E6D72D6DFBP-477 ,  0x1BBA08CF8C979DP-478 ,   0x8AA22C0DBEF61P-473 ,   0xAD4AB7112EB39P-470 ,  0x1B13AC9AAF4C0FP-468 ,   0x87625F056C7C5P-463 ,
      0x549D7B6363CDBP-459 ,  0x1A71368F0F3047P-458 ,   0x421B0865A5F8BP-452 ,   0x2950E53F87BB7P-448 ,  0x19D28F47B4D525P-448 ,   0x20473319A20A7P-441 ,  0x142C7FF0054685P-441 ,   0xC9BCFF6034C13P-437 ,
      0x1F8587E7083E3P-431 ,   0x9D9BA7832936FP-430 ,   0xC5029163F384BP-427 ,   0xF64335BCF065DP-424 ,  0x133D4032C2C7F5P-421 ,   0xC06481FB9BCF9P-417 ,   0xF07DA27A82C37P-414 ,  0x12C9D0B1923745P-411 ,
      0xBBE226EFB628BP-407 ,   0x756D5855D1D97P-403 ,   0x92C8AE6B464FDP-400 ,   0x2DDEB68185F8FP-395 ,   0xE55990879DDCBP-394 ,   0x8F57FA54C2A9FP-390 ,  0x1665BF1D3E6A8DP-388 ,   0x1BFF2EE48E053P-381 ,
      0x8BFBEA76C619FP-380 ,   0xAEFAE51477A07P-377 ,  0x1B5733CB32B111P-375 ,   0x88B402F7FD755P-370 ,   0xAAE103B5FCD2BP-367 ,   0xD59944A37C075P-364 ,   0x857FCAE62D849P-360 ,   0x29B7EF67EE397P-355 ,
     0x1A12F5A0F4E3E5P-355 ,   0x104BD984990E7P-347 ,  0x145ECFE5BF520BP-348 ,   0xCBB41EF979347P-344 ,  0x1FD424D6FAF031P-342 ,  0x13E497065CD61FP-338 ,   0xC6EDE63FA05D3P-334 ,   0x1F152BF9F10E9P-328 ,
      0x9B69DBE1B548DP-327 ,    0xC24452DA229BP-320 ,   0x3CB559E42AD07P-319 ,   0x4BE2B05D35849P-316 ,   0x5EDB5C7482E5BP-313 ,   0x3B4919C8D1CF9P-309 ,   0x4A1B603B06437P-306 ,   0x5CA23849C7D45P-303 ,
      0x39E5632E1CE4BP-299 ,   0x242F5DFCD20EFP-295 ,   0xB4ECD5F01A4ABP-294 ,   0xE2280B6C20DD5P-291 ,   0x8D590723948A5P-287 ,   0xB0AF48EC79ACFP-284 ,   0x6E6D8D93CC0C1P-280 ,  0x11411E1F17E1E3P-278 ,
      0x5645969B77697P-273 ,   0xD7ADF884AA879P-271 ,   0x21B32ED4BAA53P-265 ,   0xA87FEA27A539FP-264 ,  0x1A53FC9631D10DP-262 ,   0x20E8FBBBBE455P-255 ,   0xA48CEAAAB75A9P-254 ,   0xCDB0255565313P-251 ,
      0x202385D557CFBP-245 ,   0xA0B19D2AB70E7P-244 ,   0xC8DE047564D21P-241 ,   0xFB158592BE069P-238 ,   0x4E76B9BDDB621P-233 ,   0x6214682D523A9P-230 ,  0x1EA6608E29B24DP-229 ,   0x1327FC58DA0F7P-221 ,
      0x5FC7EDBC424D3P-220 ,  0x1DEE7A4AD4B81FP-219 ,   0x4AD431BB13CC5P-213 ,   0x2EC49F14EC5FBP-209 ,   0xE9D71B689DDE7P-208 ,  0x1244CE242C5561P-205 ,   0xB6B00D69BB55DP-201 ,   0x391704310A8ADP-196 ,
     0x11D7314F534B61P-195 ,  0x164CFDA3281E39P-192 ,  0x1BE03D0BF225C7P-189 ,   0x45B0989DDD5E7P-183 ,   0x571CBEC554B61P-180 ,   0x6CE3EE76A9E39P-177 ,  0x11039D428A8B8FP-175 ,   0xAA24249969739P-171 ,
     0x1A95A5B7F87A0FP-169 ,   0x84EC3C97DA625P-164 ,   0x5313A5DEE87D7P-160 ,  0x19F623D5A8A733P-159 ,    0x2073ACCB12D1P-148 ,    0xA2425FF75E15P-147 ,   0x32B4BDFD4D669P-146 ,   0xFD87B5F28300DP-145 ,
      0x13CE9A36F23C1P-138 ,   0x63090312BB2C5P-137 ,  0x1EF2D0F5DA7DD9P-136 ,   0x26AF8533511D5P-129 ,   0xC16D9A0095929P-128 ,   0xF1C90080BAF73P-125 ,   0x12E3B40A0E9B5P-118 ,   0x5E72843249089P-117 ,
      0x760F253EDB4ABP-114 ,   0x49C97747490EBP-110 ,  0x170EF54646D497P-109 ,   0x734ACA5F6226FP-104 ,   0x901D7CF73AB0BP-101 ,    0x5A126E1A84AE7P-97 ,    0xE12E13424BB41P-95 ,    0x8CBCCC096F509P-91 ,
       0xAFEBFF0BCB24BP-88 ,   0x1B7CDFD9D7BDBBP-86 ,   0x112E0BE826D695P-82 ,    0xABCC77118461DP-78 ,    0x35AFE535795E9P-73 ,    0x8637BD05AF6C7P-71 ,   0x14F8B588E368F1P-69 ,   0x1A36E2EB1C432DP-66 ,
       0x4189374BC6A7FP-60 ,   0x147AE147AE147BP-59 ,    0xCCCCCCCCCCCCDP-55 ,                  0x1P0 ,                  0x5P1 ,                 0x19P2 ,                 0x7DP3 ,                0x271P4 ,
                   0xC35P5 ,               0x3D09P6 ,              0x1312DP7 ,              0x5F5E1P8 ,             0x1DCD65P9 ,            0x9502F9P10 ,           0x2E90EDDP11 ,           0xE8D4A51P12 ,
             0x48C27395P13 ,         0x16BCC41E9P14 ,         0x71AFD498DP15 ,        0x2386F26FC1P16 ,        0xB1A2BC2EC5P17 ,       0x3782DACE9D9P18 ,      0x1158E460913DP19 ,      0x56BC75E2D631P20 ,
        0x1B1AE4D6E2EF5P21 ,     0x878678326EAC9P22 ,    0x152D02C7E14AF7P24 ,    0x1A784379D99DB5P27 ,    0x108B2A2C280291P31 ,    0x14ADF4B7320335P34 ,     0xCECB8F27F4201P38 ,     0x813F3978F8941P42 ,
        0xA18F07D736B91P45 ,     0xC9F2C9CD04675P48 ,    0x1F8DEF8808B025P50 ,    0x13B8B5B5056E17P54 ,    0x18A6E32246C99DP57 ,     0x7B426FAB61F01P62 ,    0x13426172C74D83P64 ,    0x1812F9CF7920E3P67 ,
        0x785EE10D5DA47P72 ,     0x96769950B50D9P75 ,     0xBC143FA4E250FP78 ,    0x1D6329F1C35CA5P80 ,    0x125DFA371A19E7P84 ,    0x16F578C4E0A061P87 ,    0x1CB2D6F618C879P90 ,     0x47BF19673DF53P96 ,
       0x166BB7F0435C9FP97 ,   0x1C06A5EC5433C7P100 ,    0x46109ECED2817P106 ,   0x15E531A0A1C873P107 ,    0x1B5E7E08CA3A9P114 ,    0x88D8762BF324DP115 ,   0x1561D276DDFDC1P117 ,   0x1ABA4714957D31P120 ,
      0x10B46C6CDD6E3FP124 ,    0xA70C3C40A64E7P128 ,   0x1A19E96A19FC41P130 ,   0x105031E2503DA9P134 ,   0x14643E5AE44D13P137 ,    0x32FA9BE33AC0BP143 ,    0xFEE50B7025C37P144 ,   0x13E9E4E4C2F345P147 ,
       0xC722F0EF9D80BP151 ,   0x1F1D75A5709C1BP153 ,   0x13726987666191P157 ,   0x184F03E93FF9F5P160 ,   0x1E62C4E38FF873P163 ,    0x25FB761C73F69P170 ,    0xBDE94E8E43D0DP171 ,     0xED63A231D4C5P178 ,
       0x4A2F22AF927D9P179 ,   0x172EBAD6DDC73DP180 ,    0x73E9A63254E43P185 ,    0x243903EFBA875P190 ,    0xB51D13AEA4A49P191 ,    0xE264589A4DCDBP194 ,    0x8D7EB76070A09P198 ,    0xB0DE65388CC8BP201 ,
       0x6E8AFF4357FD7P205 ,   0x1145B7E285BF99P207 ,     0x2B2E4BB64E5FP217 ,   0x1AFCEF51F0FB5FP213 ,    0x4378564CDA747P219 ,   0x15159AF8044463P220 ,   0x1A5B01B605557BP223 ,   0x1078E111C3556DP227 ,
       0x292E32AC68559P233 ,    0xCDE6FD5E09ABDP234 ,   0x10160BCB58C16DP237 ,    0x28371D7C5DE39P243 ,    0xC913936DD571DP244 ,    0x3ED61E1252B39P249 ,   0x13A2E965B9D81DP250 ,    0x622E8EFCA1389P255 ,
      0x1EAE8CAEF261ADP256 ,    0x4CB45FB55DF43P262 ,   0x17F85DE8AD5C4FP263 ,   0x1DF67562D8B363P266 ,    0x95D04AEE3B80FP271 ,    0xBB445DA9CA613P274 ,   0x1D42AEA2879F2FP276 ,   0x1249AD2594C37DP280 ,
      0x16DC186EF9F45DP283 ,    0x724C7A2AE1C5DP288 ,    0x23B7E62D668DDP293 ,    0xB2977EE300C51P294 ,   0x1BE7ABD3781ECBP296 ,   0x1170CB642B133FP300 ,   0x15CCFE3D35D80FP303 ,    0xDA01EE641A709P307 ,
       0x44209A7F48433P312 ,    0xAA51823E34A7FP314 ,    0xD4E5E2CDC1D1FP317 ,   0x10A1F5B8132467P320 ,     0x2994E64C2FDBP330 ,     0xCFE87F7CEF47P331 ,    0x40F8A7D70AC63P332 ,   0x144DB473335DEFP333 ,
      0x1961219000356BP336 ,    0xFDCB4FA002163P340 ,    0x4F4F88E200A6FP345 ,   0x18C8DAC6A0342BP346 ,   0x1EFB1178484135P349 ,   0x135CEAEB2D28C1P353 ,    0xC1A12D2FC3979P357 ,    0xF209787BB47D7P360 ,
      0x12E8BD69AA19CDP363 ,     0x5E8BB3105281P372 ,    0x1D8BA7F519C85P373 ,    0x93BA47C980E99P374 ,   0x17151B377C247FP376 ,    0xE6D3102AD96CFP380 ,   0x12087D4358FC83P383 ,    0x5A2A7250BCEE9P388 ,
       0x70B50EE4EC2A3P391 ,    0x233894A789CD3P396 ,    0xB01AE745B101FP397 ,   0x1B843422E3A84DP399 ,    0x1132A095CE493P407 ,    0x55FD22ED076DFP408 ,   0x1ADF1AEA12525BP409 ,   0x10CB70D24B7379P413 ,
      0x14FE4D06DE5057P416 ,   0x1A3DE04895E46DP419 ,    0x419AB0B576BB1P425 ,   0x14805738B51A75P426 ,   0x19A06D06E26113P429 ,    0x4011109135F2BP435 ,   0x1405552D60DBD7P436 ,    0x641AA9E2E44B3P441 ,
      0x1F485516E7577FP442 ,    0x138D352E5096BP450 ,   0x18708279E4BC5BP449 ,    0xF46518C2EF5B9P453 ,    0x262FCBDE75665P459 ,   0x17DDDF6B095FF1P459 ,   0x1DD55745CBB7EDP462 ,   0x12A5568B9F52F5P466 ,
       0xBA756174393D9P470 ,    0xE912B9D1478CFP473 ,   0x12357684599703P476 ,   0x16C2D4256FFCC3P479 ,    0x71CE24BB2FEFDP484 ,   0x11C835BD3F7D79P486 ,   0x163A432C8F5CD7P489 ,    0x6F234FDECCD03P494 ,
       0x22BB08F5A0011P499 ,    0xADA72CCC20055P500 ,    0x6C887BFF94035P504 ,   0x10F5535FEF2085P506 ,    0xA99541BF57453P510 ,   0x1A7F5245E5A2CFP512 ,    0x847C9B5D7C2E1P517 ,    0xA59BC234DB399P520 ,
       0xCF02B2C21207FP523 ,   0x102C35F729689FP526 ,   0x14374374F3C2C7P529 ,    0x328A28A46166FP535 ,    0xFCB2CB35E702BP536 ,    0x9DEFBF01B061BP540 ,    0x62B5D7610E3D1P544 ,    0x7B634D3951CC5P547 ,
      0x13478410F4C7EDP549 ,    0x3032CA2A63F3DP555 ,    0xF0FDF2D3F3C31P556 ,   0x12D3D6F88F0B3DP559 ,   0x1788CCB6B2CE0DP562 ,    0x1D6AFFE45F819P569 ,    0x9316FF75DD87DP570 ,    0x2DF72FD4D53A7P575 ,
       0xE5D3EF282A243P576 ,    0x47D23ABC8D2B5P581 ,   0x1671B25AEC1D89P582 ,   0x1C0E1EF1A724EBP585 ,   0x1188D357087713P589 ,    0x2BD610599529BP595 ,    0xDB2E51BFE9D07P596 ,   0x111F9E62FE4449P599 ,
      0x156785FBBDD55BP602 ,   0x1AC1677AAD4AB1P605 ,   0x10B8E0ACAC4EAFP609 ,   0x14E718D7D7625BP612 ,   0x1A20DF0DCD3AF1P615 ,   0x10548B68A044D7P619 ,   0x1469AE42C8560DP622 ,    0x198419D37A6B9P629 ,
      0x1FE52048590673P628 ,    0x27DE685A6F481P635 ,    0xC75809C42C685P636 ,   0x1F25C186A6F04DP638 ,    0x137798F428563P646 ,    0x6155FCC4C9AEFP647 ,   0x1E6ADEFD7F06ABP648 ,   0x1302CB5E6F642BP652 ,
       0xBE1BF1B059E9BP656 ,   0x1DB45DC38E0C83P658 ,    0x9485D4D1C63E9P663 ,    0xB9A74A0637CE3P666 ,    0x3A044721F1707P671 ,   0x1221563A9B7323P672 ,    0x5AA6AF25093FBP677 ,   0x1C5416BB92E3E7P678 ,
       0x11B48E353BCE7P686 ,    0x5886C70A2B083P687 ,   0x1BAA1E332D728FP688 ,    0x8A5296FFE33CDP693 ,     0x2B39CF2FF703P702 ,     0xD8210BEFD30FP703 ,    0x438A53BAF1F4BP704 ,   0x151B3A2A6B9C77P705 ,
      0x1A6208B5068395P708 ,   0x107D457124123DP712 ,    0x52725B35B45B3P717 ,   0x19C3BC80C85C7FP718 ,    0x101A55D07D39DP726 ,   0x1420EB449C8843P725 ,    0x64A498570EA95P730 ,   0x1F736F9B3494E9P731 ,
       0x9D412E0806E89P736 ,    0xC491798A08A2BP739 ,    0x7ADAEBF64565BP743 ,   0x133234DE7AD7E3P745 ,    0x5FFB085866377P750 ,   0x1DFE729B9FF153P751 ,    0x4AFC1E850FDB5P757 ,   0x176EC98994F489P758 ,
      0x1D4A7BEBFA31ABP761 ,   0x124E8D737C5F0BP765 ,    0xB7118682DBB67P769 ,   0x1C9ABD04725481P771 ,   0x11E0B622C774D1P775 ,   0x1658E3AB795205P778 ,    0xDF78E4B2BD343P782 ,    0x45D5C777DB205P787 ,
      0x15D2CE55747A19P788 ,   0x1B4781EAD1989FP791 ,    0x4432C4CB0BFD9P797 ,    0x553F75FDCEFCFP800 ,   0x1AA3D4DF50AF0BP801 ,   0x10A6650B926D67P805 ,   0x14CFFE4E7708C1P808 ,   0x1A03FDE214CAF1P811 ,
      0x10427EAD4CFED7P815 ,    0x514C796280FA3P820 ,   0x1967E5EEC84E2FP821 ,   0x1FC1DF6A7A61BBP824 ,   0x13D92BA28C7D15P828 ,    0xC67BB4597CE2DP832 ,   0x1F03542DFB8371P834 ,   0x1362149CBD3227P838 ,
       0x183A99C3EC7EBP845 ,    0x792500D39E797P846 ,    0x976E41088617DP849 ,    0x2F527452A9E77P854 ,    0xEC9C459D51853P855 ,    0x24F86AE094BCDP861 ,    0xB8DA1662E7B01P862 ,    0xE7109BFBA19C1P865 ,
      0x120D4C2FA8A031P868 ,    0xB484F9DC9641FP872 ,   0x1C34C70A777A4DP874 ,    0x11A0FC668AAC7P882 ,    0x5824EE00B55E3P883 ,   0x1B8B8A6038AD6FP884 ,    0x89B9B3E11B633P889 ,   0x1585041B2C477FP891 ,
      0x1AE64521F7595FP894 ,   0x10CFEB353A97DBP898 ,    0xA81F301449EE9P902 ,    0xD226FC195C6A3P905 ,    0x41AC2EC7ECE13P910 ,   0x1485CE9E7A065FP911 ,   0x19A742461887F7P914 ,    0x80444B5E7AA7DP919 ,
      0x140AABC6C32A39P921 ,   0x190D56B873F4C7P924 ,   0x1F50AC6690F1F9P927 ,    0x4E49AF006A5CFP933 ,    0xC3B8358109E85P935 ,   0x1E94C85C298C4DP937 ,    0x131CFD3999F7BP945 ,    0x5F90F22001D67P946 ,
      0x1DDD4BAA009303P947 ,    0x95527A5202DF1P952 ,    0xBAA718E68396DP955 ,   0x1D2A1BE4048F91P957 ,   0x123A516E82D9BBP961 ,   0x16C8E5CA239029P964 ,    0x71EC7CF2B1D0DP969 ,     0x8E679C2F5E45P976

--------------------------------------------------------------------------------

